  Epoch  	  Iteration  	  Time Elapsed  	  Mini-batch Accuracy 	  Mini-batch Loss 	  Base Learning Rate 			  Mini-batch Accuracy 
1	1	       00:00:00 	28.89%	10.9887	0.01			28.89;
2	2	       00:00:00 	35.56%	10.1603	0.01			35.56;
3	3	       00:00:00 	27.78%	10.1517	0.01			27.78;
4	4	       00:00:00 	43.33%	8.5769	0.01			43.33;
5	5	       00:00:00 	46.67%	8.0399	0.01			46.67;
6	6	       00:00:00 	50.00%	7.6402	0.01			50;
7	7	       00:00:00 	50.00%	6.9532	0.01			50;
8	8	       00:00:00 	50.00%	7.6686	0.01			50;
9	9	       00:00:00 	42.22%	8.2033	0.01			42.22;
10	10	       00:00:00 	45.56%	8.0291	0.01			45.56;
11	11	       00:00:00 	44.44%	8.1877	0.01			44.44;
12	12	       00:00:00 	47.78%	7.857	0.01			47.78;
13	13	       00:00:00 	42.22%	8.3866	0.01			42.22;
14	14	       00:00:00 	55.56%	6.6229	0.01			55.56;
15	15	       00:00:00 	54.44%	6.9354	0.01			54.44;
16	16	       00:00:00 	51.11%	6.5749	0.01			51.11;
17	17	       00:00:00 	60.00%	5.0329	0.01			60;
18	18	       00:00:00 	61.11%	5.3147	0.01			61.11;
19	19	       00:00:00 	63.33%	5.0368	0.01			63.33;
20	20	       00:00:00 	58.89%	5.321	0.01			58.89;
21	21	       00:00:00 	56.67%	6.2972	0.01			56.67;
22	22	       00:00:00 	62.22%	5.0127	0.01			62.22;
23	23	       00:00:00 	60.00%	5.2049	0.01			60;
24	24	       00:00:00 	64.44%	4.3105	0.01			64.44;
25	25	       00:00:01 	65.56%	4.3383	0.01			65.56;
26	26	       00:00:01 	65.56%	4.3291	0.01			65.56;
27	27	       00:00:01 	64.44%	4.3374	0.01			64.44;
28	28	       00:00:01 	52.22%	6.0507	0.01			52.22;
29	29	       00:00:01 	56.67%	5.1906	0.01			56.67;
30	30	       00:00:01 	58.89%	5.3212	0.01			58.89;
31	31	       00:00:01 	67.78%	3.5632	0.01			67.78;
32	32	       00:00:01 	58.89%	4.2023	0.01			58.89;
33	33	       00:00:01 	56.67%	3.6484	0.01			56.67;
34	34	       00:00:01 	64.44%	3.2161	0.01			64.44;
35	35	       00:00:01 	67.78%	2.548	0.01			67.78;
36	36	       00:00:01 	67.78%	2.5293	0.01			67.78;
37	37	       00:00:01 	64.44%	2.7123	0.01			64.44;
38	38	       00:00:01 	70.00%	2.0751	0.01			70;
39	39	       00:00:01 	63.33%	1.954	0.01			63.33;
40	40	       00:00:01 	65.56%	1.5068	0.01			65.56;
41	41	       00:00:01 	75.56%	1.3215	0.01			75.56;
42	42	       00:00:01 	66.67%	1.812	0.01			66.67;
43	43	       00:00:01 	64.44%	2.45	0.01			64.44;
44	44	       00:00:01 	68.89%	2.0528	0.01			68.89;
45	45	       00:00:01 	73.33%	1.9117	0.01			73.33;
46	46	       00:00:01 	67.78%	2.1807	0.01			67.78;
47	47	       00:00:01 	76.67%	1.4393	0.01			76.67;
48	48	       00:00:01 	72.22%	2.0903	0.01			72.22;
49	49	       00:00:01 	76.67%	1.2007	0.01			76.67;
50	50	       00:00:01 	70.00%	1.6995	0.01			70;
51	51	       00:00:01 	67.78%	1.6965	0.01			67.78;
52	52	       00:00:01 	78.89%	1.4439	0.01			78.89;
53	53	       00:00:01 	70.00%	1.3112	0.01			70;
54	54	       00:00:01 	76.67%	0.772	0.01			76.67;
55	55	       00:00:01 	67.78%	1.2893	0.01			67.78;
56	56	       00:00:01 	68.89%	1.3986	0.01			68.89;
57	57	       00:00:01 	70.00%	0.9409	0.01			70;
58	58	       00:00:01 	67.78%	1.7549	0.01			67.78;
59	59	       00:00:01 	65.56%	1.1344	0.01			65.56;
60	60	       00:00:01 	74.44%	1.0415	0.01			74.44;
61	61	       00:00:01 	74.44%	1.0929	0.01			74.44;
62	62	       00:00:01 	83.33%	0.3802	0.01			83.33;
63	63	       00:00:01 	84.44%	0.8374	0.01			84.44;
64	64	       00:00:01 	77.78%	1.0341	0.01			77.78;
65	65	       00:00:01 	78.89%	0.8811	0.01			78.89;
66	66	       00:00:01 	77.78%	1.1135	0.01			77.78;
67	67	       00:00:01 	76.67%	0.7897	0.01			76.67;
68	68	       00:00:01 	77.78%	0.7712	0.01			77.78;
69	69	       00:00:01 	77.78%	0.6005	0.01			77.78;
70	70	       00:00:01 	68.89%	0.8332	0.01			68.89;
71	71	       00:00:01 	74.44%	0.6939	0.01			74.44;
72	72	       00:00:01 	73.33%	0.6873	0.01			73.33;
73	73	       00:00:01 	76.67%	0.5282	0.01			76.67;
74	74	       00:00:01 	80.00%	0.6774	0.01			80;
75	75	       00:00:01 	81.11%	0.6617	0.01			81.11;
76	76	       00:00:01 	77.78%	0.6765	0.01			77.78;
77	77	       00:00:02 	70.00%	1.0616	0.01			70;
78	78	       00:00:02 	82.22%	0.6199	0.01			82.22;
79	79	       00:00:02 	76.67%	1.0169	0.01			76.67;
80	80	       00:00:02 	71.11%	0.6853	0.01			71.11;
81	81	       00:00:02 	77.78%	0.4303	0.01			77.78;
82	82	       00:00:02 	82.22%	0.5409	0.01			82.22;
83	83	       00:00:02 	82.22%	0.5847	0.01			82.22;
84	84	       00:00:02 	77.78%	0.6317	0.01			77.78;
85	85	       00:00:02 	81.11%	0.6546	0.01			81.11;
86	86	       00:00:02 	81.11%	0.5943	0.01			81.11;
87	87	       00:00:02 	76.67%	0.5298	0.01			76.67;
88	88	       00:00:02 	76.67%	0.6708	0.01			76.67;
89	89	       00:00:02 	82.22%	0.6382	0.01			82.22;
90	90	       00:00:02 	78.89%	0.6836	0.01			78.89;
91	91	       00:00:02 	81.11%	0.4768	0.01			81.11;
92	92	       00:00:02 	85.56%	0.3878	0.01			85.56;
93	93	       00:00:02 	73.33%	0.7581	0.01			73.33;
94	94	       00:00:02 	84.44%	0.3679	0.01			84.44;
95	95	       00:00:02 	88.89%	0.2481	0.01			88.89;
96	96	       00:00:02 	86.67%	0.2647	0.01			86.67;
97	97	       00:00:02 	81.11%	0.6133	0.01			81.11;
98	98	       00:00:02 	86.67%	0.4227	0.01			86.67;
99	99	       00:00:02 	85.56%	0.3685	0.01			85.56;
100	100	       00:00:02 	83.33%	0.483	0.01			83.33;
101	101	       00:00:02 	87.78%	0.4234	0.002			87.78;
102	102	       00:00:02 	84.44%	0.3967	0.002			84.44;
103	103	       00:00:02 	83.33%	0.5034	0.002			83.33;
104	104	       00:00:02 	84.44%	0.6441	0.002			84.44;
105	105	       00:00:02 	82.22%	0.4217	0.002			82.22;
106	106	       00:00:02 	83.33%	0.6096	0.002			83.33;
107	107	       00:00:02 	83.33%	0.4374	0.002			83.33;
108	108	       00:00:02 	85.56%	0.5844	0.002			85.56;
109	109	       00:00:02 	84.44%	0.5105	0.002			84.44;
110	110	       00:00:02 	86.67%	0.5224	0.002			86.67;
111	111	       00:00:02 	87.78%	0.3921	0.002			87.78;
112	112	       00:00:02 	87.78%	0.4614	0.002			87.78;
113	113	       00:00:02 	87.78%	0.3784	0.002			87.78;
114	114	       00:00:02 	85.56%	0.4053	0.002			85.56;
115	115	       00:00:02 	85.56%	0.6269	0.002			85.56;
116	116	       00:00:02 	88.89%	0.3107	0.002			88.89;
117	117	       00:00:02 	84.44%	0.6411	0.002			84.44;
118	118	       00:00:02 	91.11%	0.4333	0.002			91.11;
119	119	       00:00:02 	83.33%	0.3049	0.002			83.33;
120	120	       00:00:02 	86.67%	0.2808	0.002			86.67;
121	121	       00:00:02 	81.11%	0.4299	0.002			81.11;
122	122	       00:00:02 	87.78%	0.3471	0.002			87.78;
123	123	       00:00:03 	81.11%	0.4047	0.002			81.11;
124	124	       00:00:03 	83.33%	0.3975	0.002			83.33;
125	125	       00:00:03 	90.00%	0.212	0.002			90;
126	126	       00:00:03 	85.56%	0.3544	0.002			85.56;
127	127	       00:00:03 	88.89%	0.2423	0.002			88.89;
128	128	       00:00:03 	84.44%	0.4606	0.002			84.44;
129	129	       00:00:03 	86.67%	0.6006	0.002			86.67;
130	130	       00:00:03 	87.78%	0.2467	0.002			87.78;
131	131	       00:00:03 	85.56%	0.478	0.002			85.56;
132	132	       00:00:03 	93.33%	0.3582	0.002			93.33;
133	133	       00:00:03 	92.22%	0.4375	0.002			92.22;
134	134	       00:00:03 	83.33%	0.2903	0.002			83.33;
135	135	       00:00:03 	84.44%	0.3113	0.002			84.44;
136	136	       00:00:03 	85.56%	0.4738	0.002			85.56;
137	137	       00:00:03 	83.33%	0.3226	0.002			83.33;
138	138	       00:00:03 	84.44%	0.2709	0.002			84.44;
139	139	       00:00:03 	84.44%	0.3373	0.002			84.44;
140	140	       00:00:03 	88.89%	0.3167	0.002			88.89;
141	141	       00:00:03 	88.89%	0.3662	0.002			88.89;
142	142	       00:00:03 	87.78%	0.2423	0.002			87.78;
143	143	       00:00:03 	86.67%	0.329	0.002			86.67;
144	144	       00:00:03 	87.78%	0.2688	0.002			87.78;
145	145	       00:00:03 	88.89%	0.4128	0.002			88.89;
146	146	       00:00:03 	91.11%	0.3916	0.002			91.11;
147	147	       00:00:03 	88.89%	0.2518	0.002			88.89;
148	148	       00:00:03 	85.56%	0.4557	0.002			85.56;
149	149	       00:00:03 	86.67%	0.2339	0.002			86.67;
150	150	       00:00:03 	87.78%	0.4984	0.002			87.78;
151	151	       00:00:03 	94.44%	0.1958	0.002			94.44;
152	152	       00:00:03 	86.67%	0.5182	0.002			86.67;
153	153	       00:00:03 	82.22%	0.5346	0.002			82.22;
154	154	       00:00:03 	85.56%	0.3825	0.002			85.56;
155	155	       00:00:03 	84.44%	0.3506	0.002			84.44;
156	156	       00:00:03 	88.89%	0.3232	0.002			88.89;
157	157	       00:00:03 	87.78%	0.2554	0.002			87.78;
158	158	       00:00:03 	90.00%	0.3122	0.002			90;
159	159	       00:00:03 	91.11%	0.3808	0.002			91.11;
160	160	       00:00:03 	84.44%	0.3822	0.002			84.44;
161	161	       00:00:03 	86.67%	0.2351	0.002			86.67;
162	162	       00:00:03 	93.33%	0.3353	0.002			93.33;
163	163	       00:00:03 	91.11%	0.2179	0.002			91.11;
164	164	       00:00:03 	85.56%	0.421	0.002			85.56;
165	165	       00:00:03 	91.11%	0.2253	0.002			91.11;
166	166	       00:00:03 	85.56%	0.2911	0.002			85.56;
167	167	       00:00:03 	93.33%	0.347	0.002			93.33;
168	168	       00:00:03 	90.00%	0.4339	0.002			90;
169	169	       00:00:03 	85.56%	0.2908	0.002			85.56;
170	170	       00:00:03 	85.56%	0.294	0.002			85.56;
171	171	       00:00:03 	95.56%	0.1806	0.002			95.56;
172	172	       00:00:03 	85.56%	0.3401	0.002			85.56;
173	173	       00:00:03 	90.00%	0.3861	0.002			90;
174	174	       00:00:03 	86.67%	0.2805	0.002			86.67;
175	175	       00:00:03 	88.89%	0.3168	0.002			88.89;
176	176	       00:00:04 	92.22%	0.1895	0.002			92.22;
177	177	       00:00:04 	88.89%	0.3178	0.002			88.89;
178	178	       00:00:04 	90.00%	0.4765	0.002			90;
179	179	       00:00:04 	88.89%	0.2652	0.002			88.89;
180	180	       00:00:04 	95.56%	0.222	0.002			95.56;
181	181	       00:00:04 	87.78%	0.27	0.002			87.78;
182	182	       00:00:04 	88.89%	0.4264	0.002			88.89;
183	183	       00:00:04 	90.00%	0.2337	0.002			90;
184	184	       00:00:04 	87.78%	0.4138	0.002			87.78;
185	185	       00:00:04 	88.89%	0.4103	0.002			88.89;
186	186	       00:00:04 	87.78%	0.332	0.002			87.78;
187	187	       00:00:04 	88.89%	0.4155	0.002			88.89;
188	188	       00:00:04 	86.67%	0.2615	0.002			86.67;
189	189	       00:00:04 	86.67%	0.3718	0.002			86.67;
190	190	       00:00:04 	91.11%	0.2894	0.002			91.11;
191	191	       00:00:04 	87.78%	0.2652	0.002			87.78;
192	192	       00:00:04 	86.67%	0.3306	0.002			86.67;
193	193	       00:00:04 	86.67%	0.2873	0.002			86.67;
194	194	       00:00:04 	91.11%	0.2039	0.002			91.11;
195	195	       00:00:04 	88.89%	0.3621	0.002			88.89;
196	196	       00:00:04 	94.44%	0.186	0.002			94.44;
197	197	       00:00:04 	85.56%	0.3002	0.002			85.56;
198	198	       00:00:04 	87.78%	0.311	0.002			87.78;
199	199	       00:00:04 	87.78%	0.4008	0.002			87.78;
200	200	       00:00:04 	91.11%	0.2178	0.002			91.11;
201	201	       00:00:04 	93.33%	0.2083	0.0004			93.33;
202	202	       00:00:04 	86.67%	0.2695	0.0004			86.67;
203	203	       00:00:04 	95.56%	0.1582	0.0004			95.56;
204	204	       00:00:04 	87.78%	0.2482	0.0004			87.78;
205	205	       00:00:04 	93.33%	0.288	0.0004			93.33;
206	206	       00:00:04 	85.56%	0.2861	0.0004			85.56;
207	207	       00:00:04 	88.89%	0.3892	0.0004			88.89;
208	208	       00:00:04 	90.00%	0.2802	0.0004			90;
209	209	       00:00:04 	92.22%	0.2372	0.0004			92.22;
210	210	       00:00:04 	90.00%	0.2129	0.0004			90;
211	211	       00:00:04 	91.11%	0.2138	0.0004			91.11;
212	212	       00:00:04 	85.56%	0.3932	0.0004			85.56;
213	213	       00:00:04 	91.11%	0.2077	0.0004			91.11;
214	214	       00:00:04 	90.00%	0.2111	0.0004			90;
215	215	       00:00:04 	91.11%	0.2489	0.0004			91.11;
216	216	       00:00:04 	93.33%	0.1577	0.0004			93.33;
217	217	       00:00:04 	90.00%	0.2357	0.0004			90;
218	218	       00:00:04 	85.56%	0.3269	0.0004			85.56;
219	219	       00:00:04 	86.67%	0.2424	0.0004			86.67;
220	220	       00:00:04 	87.78%	0.2539	0.0004			87.78;
221	221	       00:00:04 	92.22%	0.2201	0.0004			92.22;
222	222	       00:00:04 	91.11%	0.1955	0.0004			91.11;
223	223	       00:00:04 	92.22%	0.2392	0.0004			92.22;
224	224	       00:00:04 	92.22%	0.1899	0.0004			92.22;
225	225	       00:00:04 	85.56%	0.2815	0.0004			85.56;
226	226	       00:00:04 	90.00%	0.5144	0.0004			90;
227	227	       00:00:04 	94.44%	0.1994	0.0004			94.44;
228	228	       00:00:04 	88.89%	0.2309	0.0004			88.89;
229	229	       00:00:04 	90.00%	0.2265	0.0004			90;
230	230	       00:00:05 	91.11%	0.238	0.0004			91.11;
231	231	       00:00:05 	91.11%	0.4377	0.0004			91.11;
232	232	       00:00:05 	90.00%	0.2662	0.0004			90;
233	233	       00:00:05 	92.22%	0.2343	0.0004			92.22;
234	234	       00:00:05 	90.00%	0.2178	0.0004			90;
235	235	       00:00:05 	93.33%	0.212	0.0004			93.33;
236	236	       00:00:05 	92.22%	0.203	0.0004			92.22;
237	237	       00:00:05 	85.56%	0.364	0.0004			85.56;
238	238	       00:00:05 	86.67%	0.336	0.0004			86.67;
239	239	       00:00:05 	85.56%	0.5926	0.0004			85.56;
240	240	       00:00:05 	83.33%	0.3766	0.0004			83.33;
241	241	       00:00:05 	94.44%	0.1622	0.0004			94.44;
242	242	       00:00:05 	91.11%	0.1835	0.0004			91.11;
243	243	       00:00:05 	87.78%	0.2746	0.0004			87.78;
244	244	       00:00:05 	92.22%	0.1875	0.0004			92.22;
245	245	       00:00:05 	92.22%	0.3222	0.0004			92.22;
246	246	       00:00:05 	85.56%	0.2506	0.0004			85.56;
247	247	       00:00:05 	92.22%	0.2001	0.0004			92.22;
248	248	       00:00:05 	86.67%	0.2708	0.0004			86.67;
249	249	       00:00:05 	91.11%	0.2591	0.0004			91.11;
250	250	       00:00:05 	88.89%	0.2383	0.0004			88.89;
251	251	       00:00:05 	90.00%	0.289	0.0004			90;
252	252	       00:00:05 	94.44%	0.1452	0.0004			94.44;
253	253	       00:00:05 	86.67%	0.4732	0.0004			86.67;
254	254	       00:00:05 	91.11%	0.2032	0.0004			91.11;
255	255	       00:00:05 	93.33%	0.1782	0.0004			93.33;
256	256	       00:00:05 	92.22%	0.2122	0.0004			92.22;
257	257	       00:00:05 	90.00%	0.2106	0.0004			90;
258	258	       00:00:05 	91.11%	0.2358	0.0004			91.11;
259	259	       00:00:05 	85.56%	0.2809	0.0004			85.56;
260	260	       00:00:05 	90.00%	0.1947	0.0004			90;
261	261	       00:00:05 	90.00%	0.2054	0.0004			90;
262	262	       00:00:05 	93.33%	0.1897	0.0004			93.33;
263	263	       00:00:05 	87.78%	0.4263	0.0004			87.78;
264	264	       00:00:05 	92.22%	0.3141	0.0004			92.22;
265	265	       00:00:05 	94.44%	0.2151	0.0004			94.44;
266	266	       00:00:05 	91.11%	0.1789	0.0004			91.11;
267	267	       00:00:05 	90.00%	0.1856	0.0004			90;
268	268	       00:00:05 	87.78%	0.262	0.0004			87.78;
269	269	       00:00:05 	87.78%	0.2593	0.0004			87.78;
270	270	       00:00:05 	87.78%	0.2407	0.0004			87.78;
271	271	       00:00:05 	95.56%	0.1608	0.0004			95.56;
272	272	       00:00:05 	93.33%	0.1923	0.0004			93.33;
273	273	       00:00:05 	84.44%	0.5867	0.0004			84.44;
274	274	       00:00:05 	88.89%	0.4194	0.0004			88.89;
275	275	       00:00:05 	91.11%	0.2342	0.0004			91.11;
276	276	       00:00:05 	86.67%	0.2193	0.0004			86.67;
277	277	       00:00:05 	85.56%	0.252	0.0004			85.56;
278	278	       00:00:05 	88.89%	0.3968	0.0004			88.89;
279	279	       00:00:05 	88.89%	0.1856	0.0004			88.89;
280	280	       00:00:05 	92.22%	0.2004	0.0004			92.22;
281	281	       00:00:06 	92.22%	0.2372	0.0004			92.22;
282	282	       00:00:06 	93.33%	0.2359	0.0004			93.33;
283	283	       00:00:06 	92.22%	0.178	0.0004			92.22;
284	284	       00:00:06 	90.00%	0.2116	0.0004			90;
285	285	       00:00:06 	94.44%	0.3146	0.0004			94.44;
286	286	       00:00:06 	96.67%	0.1743	0.0004			96.67;
287	287	       00:00:06 	90.00%	0.2276	0.0004			90;
288	288	       00:00:06 	93.33%	0.1735	0.0004			93.33;
289	289	       00:00:06 	91.11%	0.2278	0.0004			91.11;
290	290	       00:00:06 	92.22%	0.2018	0.0004			92.22;
291	291	       00:00:06 	91.11%	0.1819	0.0004			91.11;
292	292	       00:00:06 	87.78%	0.3323	0.0004			87.78;
293	293	       00:00:06 	93.33%	0.1563	0.0004			93.33;
294	294	       00:00:06 	88.89%	0.21	0.0004			88.89;
295	295	       00:00:06 	90.00%	0.2208	0.0004			90;
296	296	       00:00:06 	88.89%	0.2565	0.0004			88.89;
297	297	       00:00:06 	88.89%	0.2709	0.0004			88.89;
298	298	       00:00:06 	91.11%	0.1914	0.0004			91.11;
299	299	       00:00:06 	94.44%	0.1461	0.0004			94.44;
300	300	       00:00:06 	83.33%	0.2922	0.0004			83.33;
301	301	       00:00:06 	92.22%	0.1518	8.00E-05			92.22;
302	302	       00:00:06 	90.00%	0.2637	8.00E-05			90;
303	303	       00:00:06 	90.00%	0.2513	8.00E-05			90;
304	304	       00:00:06 	87.78%	0.2222	8.00E-05			87.78;
305	305	       00:00:06 	94.44%	0.3248	8.00E-05			94.44;
306	306	       00:00:06 	90.00%	0.1909	8.00E-05			90;
307	307	       00:00:06 	91.11%	0.2385	8.00E-05			91.11;
308	308	       00:00:06 	92.22%	0.1917	8.00E-05			92.22;
309	309	       00:00:06 	97.78%	0.1407	8.00E-05			97.78;
310	310	       00:00:06 	87.78%	0.2101	8.00E-05			87.78;
311	311	       00:00:06 	87.78%	0.2428	8.00E-05			87.78;
312	312	       00:00:06 	92.22%	0.3434	8.00E-05			92.22;
313	313	       00:00:06 	90.00%	0.1992	8.00E-05			90;
314	314	       00:00:06 	92.22%	0.1868	8.00E-05			92.22;
315	315	       00:00:06 	88.89%	0.2437	8.00E-05			88.89;
316	316	       00:00:06 	91.11%	0.1837	8.00E-05			91.11;
317	317	       00:00:06 	92.22%	0.1716	8.00E-05			92.22;
318	318	       00:00:06 	92.22%	0.1735	8.00E-05			92.22;
319	319	       00:00:06 	91.11%	0.1797	8.00E-05			91.11;
320	320	       00:00:06 	95.56%	0.2017	8.00E-05			95.56;
321	321	       00:00:06 	92.22%	0.1927	8.00E-05			92.22;
322	322	       00:00:06 	93.33%	0.2003	8.00E-05			93.33;
323	323	       00:00:06 	91.11%	0.3205	8.00E-05			91.11;
324	324	       00:00:06 	92.22%	0.1718	8.00E-05			92.22;
325	325	       00:00:06 	88.89%	0.37	8.00E-05			88.89;
326	326	       00:00:06 	92.22%	0.3446	8.00E-05			92.22;
327	327	       00:00:06 	87.78%	0.2662	8.00E-05			87.78;
328	328	       00:00:06 	93.33%	0.2004	8.00E-05			93.33;
329	329	       00:00:06 	87.78%	0.1989	8.00E-05			87.78;
330	330	       00:00:07 	86.67%	0.2657	8.00E-05			86.67;
331	331	       00:00:07 	92.22%	0.1719	8.00E-05			92.22;
332	332	       00:00:07 	92.22%	0.1796	8.00E-05			92.22;
333	333	       00:00:07 	86.67%	0.3143	8.00E-05			86.67;
334	334	       00:00:07 	85.56%	0.3406	8.00E-05			85.56;
335	335	       00:00:07 	88.89%	0.2448	8.00E-05			88.89;
336	336	       00:00:07 	91.11%	0.3294	8.00E-05			91.11;
337	337	       00:00:07 	87.78%	0.1942	8.00E-05			87.78;
338	338	       00:00:07 	90.00%	0.1903	8.00E-05			90;
339	339	       00:00:07 	91.11%	0.1974	8.00E-05			91.11;
340	340	       00:00:07 	90.00%	0.2901	8.00E-05			90;
341	341	       00:00:07 	92.22%	0.1817	8.00E-05			92.22;
342	342	       00:00:07 	90.00%	0.2562	8.00E-05			90;
343	343	       00:00:07 	94.44%	0.1444	8.00E-05			94.44;
344	344	       00:00:07 	91.11%	0.171	8.00E-05			91.11;
345	345	       00:00:07 	87.78%	0.3833	8.00E-05			87.78;
346	346	       00:00:07 	88.89%	0.175	8.00E-05			88.89;
347	347	       00:00:07 	87.78%	0.4044	8.00E-05			87.78;
348	348	       00:00:07 	91.11%	0.1478	8.00E-05			91.11;
349	349	       00:00:07 	91.11%	0.2055	8.00E-05			91.11;
350	350	       00:00:07 	87.78%	0.2861	8.00E-05			87.78;
351	351	       00:00:07 	90.00%	0.3734	8.00E-05			90;
352	352	       00:00:07 	90.00%	0.349	8.00E-05			90;
353	353	       00:00:07 	85.56%	0.3011	8.00E-05			85.56;
354	354	       00:00:07 	88.89%	0.2469	8.00E-05			88.89;
355	355	       00:00:07 	91.11%	0.1626	8.00E-05			91.11;
356	356	       00:00:07 	93.33%	0.2193	8.00E-05			93.33;
357	357	       00:00:07 	92.22%	0.1831	8.00E-05			92.22;
358	358	       00:00:07 	86.67%	0.2295	8.00E-05			86.67;
359	359	       00:00:07 	92.22%	0.1818	8.00E-05			92.22;
360	360	       00:00:07 	86.67%	0.2831	8.00E-05			86.67;
361	361	       00:00:07 	87.78%	0.1943	8.00E-05			87.78;
362	362	       00:00:07 	95.56%	0.1425	8.00E-05			95.56;
363	363	       00:00:07 	94.44%	0.1676	8.00E-05			94.44;
364	364	       00:00:07 	88.89%	0.2109	8.00E-05			88.89;
365	365	       00:00:07 	92.22%	0.1911	8.00E-05			92.22;
366	366	       00:00:07 	86.67%	0.2842	8.00E-05			86.67;
367	367	       00:00:07 	95.56%	0.1496	8.00E-05			95.56;
368	368	       00:00:07 	93.33%	0.2022	8.00E-05			93.33;
369	369	       00:00:07 	87.78%	0.3709	8.00E-05			87.78;
370	370	       00:00:07 	90.00%	0.1706	8.00E-05			90;
371	371	       00:00:07 	85.56%	0.2554	8.00E-05			85.56;
372	372	       00:00:07 	88.89%	0.281	8.00E-05			88.89;
373	373	       00:00:07 	90.00%	0.2302	8.00E-05			90;
374	374	       00:00:07 	88.89%	0.3813	8.00E-05			88.89;
375	375	       00:00:07 	91.11%	0.2218	8.00E-05			91.11;
376	376	       00:00:07 	92.22%	0.2154	8.00E-05			92.22;
377	377	       00:00:07 	90.00%	0.3793	8.00E-05			90;
378	378	       00:00:07 	93.33%	0.1499	8.00E-05			93.33;
379	379	       00:00:07 	87.78%	0.2624	8.00E-05			87.78;
380	380	       00:00:07 	94.44%	0.1691	8.00E-05			94.44;
381	381	       00:00:07 	91.11%	0.2241	8.00E-05			91.11;
382	382	       00:00:07 	94.44%	0.1824	8.00E-05			94.44;
383	383	       00:00:08 	90.00%	0.2301	8.00E-05			90;
384	384	       00:00:08 	90.00%	0.2861	8.00E-05			90;
385	385	       00:00:08 	91.11%	0.1969	8.00E-05			91.11;
386	386	       00:00:08 	88.89%	0.5381	8.00E-05			88.89;
387	387	       00:00:08 	92.22%	0.1855	8.00E-05			92.22;
388	388	       00:00:08 	92.22%	0.1897	8.00E-05			92.22;
389	389	       00:00:08 	94.44%	0.1907	8.00E-05			94.44;
390	390	       00:00:08 	90.00%	0.2274	8.00E-05			90;
391	391	       00:00:08 	95.56%	0.1519	8.00E-05			95.56;
392	392	       00:00:08 	90.00%	0.3674	8.00E-05			90;
393	393	       00:00:08 	91.11%	0.2372	8.00E-05			91.11;
394	394	       00:00:08 	88.89%	0.2235	8.00E-05			88.89;
395	395	       00:00:08 	92.22%	0.1774	8.00E-05			92.22;
396	396	       00:00:08 	93.33%	0.1424	8.00E-05			93.33;
397	397	       00:00:08 	93.33%	0.1697	8.00E-05			93.33;
398	398	       00:00:08 	88.89%	0.2138	8.00E-05			88.89;
399	399	       00:00:08 	93.33%	0.1639	8.00E-05			93.33;
400	400	       00:00:08 	90.00%	0.4023	8.00E-05			90;
401	401	       00:00:08 	88.89%	0.2148	1.60E-05			88.89;
402	402	       00:00:08 	91.11%	0.3263	1.60E-05			91.11;
403	403	       00:00:08 	87.78%	0.2375	1.60E-05			87.78;
404	404	       00:00:08 	87.78%	0.262	1.60E-05			87.78;
405	405	       00:00:08 	86.67%	0.3402	1.60E-05			86.67;
406	406	       00:00:08 	85.56%	0.4293	1.60E-05			85.56;
407	407	       00:00:08 	90.00%	0.2263	1.60E-05			90;
408	408	       00:00:08 	93.33%	0.1806	1.60E-05			93.33;
409	409	       00:00:08 	93.33%	0.1612	1.60E-05			93.33;
410	410	       00:00:08 	93.33%	0.1868	1.60E-05			93.33;
411	411	       00:00:08 	91.11%	0.2072	1.60E-05			91.11;
412	412	       00:00:08 	93.33%	0.1577	1.60E-05			93.33;
413	413	       00:00:08 	91.11%	0.1713	1.60E-05			91.11;
414	414	       00:00:08 	91.11%	0.3414	1.60E-05			91.11;
415	415	       00:00:08 	88.89%	0.3609	1.60E-05			88.89;
416	416	       00:00:08 	96.67%	0.1235	1.60E-05			96.67;
417	417	       00:00:08 	94.44%	0.1855	1.60E-05			94.44;
418	418	       00:00:08 	93.33%	0.1564	1.60E-05			93.33;
419	419	       00:00:08 	88.89%	0.3743	1.60E-05			88.89;
420	420	       00:00:08 	91.11%	0.1908	1.60E-05			91.11;
421	421	       00:00:08 	93.33%	0.2233	1.60E-05			93.33;
422	422	       00:00:08 	92.22%	0.2615	1.60E-05			92.22;
423	423	       00:00:08 	87.78%	0.2989	1.60E-05			87.78;
424	424	       00:00:08 	92.22%	0.2127	1.60E-05			92.22;
425	425	       00:00:08 	91.11%	0.2511	1.60E-05			91.11;
426	426	       00:00:08 	91.11%	0.1931	1.60E-05			91.11;
427	427	       00:00:08 	94.44%	0.1822	1.60E-05			94.44;
428	428	       00:00:08 	91.11%	0.1922	1.60E-05			91.11;
429	429	       00:00:08 	95.56%	0.1562	1.60E-05			95.56;
430	430	       00:00:08 	93.33%	0.1702	1.60E-05			93.33;
431	431	       00:00:08 	90.00%	0.2282	1.60E-05			90;
432	432	       00:00:08 	92.22%	0.2197	1.60E-05			92.22;
433	433	       00:00:08 	91.11%	0.1915	1.60E-05			91.11;
434	434	       00:00:09 	87.78%	0.2212	1.60E-05			87.78;
435	435	       00:00:09 	90.00%	0.2164	1.60E-05			90;
436	436	       00:00:09 	85.56%	0.2828	1.60E-05			85.56;
437	437	       00:00:09 	92.22%	0.1739	1.60E-05			92.22;
438	438	       00:00:09 	88.89%	0.2037	1.60E-05			88.89;
439	439	       00:00:09 	91.11%	0.1819	1.60E-05			91.11;
440	440	       00:00:09 	91.11%	0.2244	1.60E-05			91.11;
441	441	       00:00:09 	92.22%	0.1749	1.60E-05			92.22;
442	442	       00:00:09 	93.33%	0.2354	1.60E-05			93.33;
443	443	       00:00:09 	90.00%	0.2901	1.60E-05			90;
444	444	       00:00:09 	91.11%	0.1928	1.60E-05			91.11;
445	445	       00:00:09 	91.11%	0.2014	1.60E-05			91.11;
446	446	       00:00:09 	93.33%	0.2269	1.60E-05			93.33;
447	447	       00:00:09 	92.22%	0.1767	1.60E-05			92.22;
448	448	       00:00:09 	91.11%	0.2218	1.60E-05			91.11;
449	449	       00:00:09 	94.44%	0.1698	1.60E-05			94.44;
450	450	       00:00:09 	87.78%	0.2883	1.60E-05			87.78;
451	451	       00:00:09 	87.78%	0.2676	1.60E-05			87.78;
452	452	       00:00:09 	91.11%	0.228	1.60E-05			91.11;
453	453	       00:00:09 	91.11%	0.5436	1.60E-05			91.11;
454	454	       00:00:09 	95.56%	0.3202	1.60E-05			95.56;
455	455	       00:00:09 	93.33%	0.1742	1.60E-05			93.33;
456	456	       00:00:09 	96.67%	0.1235	1.60E-05			96.67;
457	457	       00:00:09 	94.44%	0.2518	1.60E-05			94.44;
458	458	       00:00:09 	84.44%	0.3572	1.60E-05			84.44;
459	459	       00:00:09 	93.33%	0.1909	1.60E-05			93.33;
460	460	       00:00:09 	87.78%	0.2115	1.60E-05			87.78;
461	461	       00:00:09 	90.00%	0.2786	1.60E-05			90;
462	462	       00:00:09 	87.78%	0.2476	1.60E-05			87.78;
463	463	       00:00:09 	90.00%	0.3373	1.60E-05			90;
464	464	       00:00:09 	93.33%	0.1437	1.60E-05			93.33;
465	465	       00:00:09 	87.78%	0.197	1.60E-05			87.78;
466	466	       00:00:09 	92.22%	0.1866	1.60E-05			92.22;
467	467	       00:00:09 	87.78%	0.2352	1.60E-05			87.78;
468	468	       00:00:09 	92.22%	0.1874	1.60E-05			92.22;
469	469	       00:00:09 	93.33%	0.268	1.60E-05			93.33;
470	470	       00:00:09 	88.89%	0.2217	1.60E-05			88.89;
471	471	       00:00:09 	91.11%	0.2804	1.60E-05			91.11;
472	472	       00:00:09 	91.11%	0.2529	1.60E-05			91.11;
473	473	       00:00:09 	87.78%	0.2243	1.60E-05			87.78;
474	474	       00:00:09 	87.78%	0.3475	1.60E-05			87.78;
475	475	       00:00:09 	90.00%	0.3476	1.60E-05			90;
476	476	       00:00:09 	90.00%	0.2242	1.60E-05			90;
477	477	       00:00:09 	94.44%	0.1789	1.60E-05			94.44;
478	478	       00:00:09 	92.22%	0.2262	1.60E-05			92.22;
479	479	       00:00:09 	91.11%	0.2294	1.60E-05			91.11;
480	480	       00:00:09 	91.11%	0.1608	1.60E-05			91.11;
481	481	       00:00:09 	90.00%	0.2249	1.60E-05			90;
482	482	       00:00:09 	91.11%	0.1479	1.60E-05			91.11;
483	483	       00:00:10 	90.00%	0.2777	1.60E-05			90;
484	484	       00:00:10 	88.89%	0.3976	1.60E-05			88.89;
485	485	       00:00:10 	91.11%	0.21	1.60E-05			91.11;
486	486	       00:00:10 	90.00%	0.3171	1.60E-05			90;
487	487	       00:00:10 	92.22%	0.149	1.60E-05			92.22;
488	488	       00:00:10 	94.44%	0.1694	1.60E-05			94.44;
489	489	       00:00:10 	92.22%	0.1918	1.60E-05			92.22;
490	490	       00:00:10 	94.44%	0.1766	1.60E-05			94.44;
491	491	       00:00:10 	86.67%	0.4459	1.60E-05			86.67;
492	492	       00:00:10 	90.00%	0.2602	1.60E-05			90;
493	493	       00:00:10 	93.33%	0.3327	1.60E-05			93.33;
494	494	       00:00:10 	90.00%	0.2978	1.60E-05			90;
495	495	       00:00:10 	92.22%	0.1882	1.60E-05			92.22;
496	496	       00:00:10 	92.22%	0.1536	1.60E-05			92.22;
497	497	       00:00:10 	88.89%	0.2704	1.60E-05			88.89;
498	498	       00:00:10 	92.22%	0.2916	1.60E-05			92.22;
499	499	       00:00:10 	85.56%	0.3864	1.60E-05			85.56;
500	500	       00:00:10 	85.56%	0.2682	1.60E-05			85.56;
